1
20
1
46485.8
0.152216
44.7426
72.2738
-21.2298
4.0317
100
0.118124
34.9444
77.4689
-56.7199
44.1093
100
0.10103
93.3248
52.9831
-56.4289
63.9517
100
0.19618
62.101
56.187
-47.6496
55.586
100
0.158531
71.7531
96.6014
-59.8981
48.0986
100
0.118892
81.2077
36.0078
-46.8986
62.5384
100
0.126588
5.31725
6.9026
-1.13826
84.2466
100
0.109965
16.9856
19.0318
-12.5662
60.663
100
0.162577
88.464
53.5905
-84.4403
32.7147
100
0.117178
11.7398
94.136
-26.635
64.4494
100
0.149273
31.8962
35.8434
-54.1252
72.278
100
0.183418
64.7667
53.2058
-80.5745
18.6894
100
0.115366
46.0135
23.1853
-77.7316
45.4265
100
0.107273
32.2333
61.8609
-73.6954
20.4705
100
0.122127
88.8812
8.13113
-24.283
5.39655
100
0.140166
92.8951
16.1808
-65.6978
66.5975
100
0.180271
83.5757
98.1563
-83.8856
30.156
100
0.170154
99.5321
94.2172
-76.64
19.7681
100
0.112085
38.7258
64.9712
-64.7294
61.3843
100
0.109846
42.5434
93.2275
-28.2926
69.1595
100
